18677.0,17189.0,10558.0,9974.0,15916.0,19459.0,9012.0,16856.0,13900.0,16060.0,18471.0,13126.0,7129.0,15188.0,15212.0,6814.0,14451.0,17432.0,13686.0,9408.0,9684.0,18451.0,14578.0,14901.0,10203.0,
8607.0,18516.0,12619.0,13453.0,19498.0,7456.0,16081.0,8627.0,12948.0,14629.0,6910.0,7193.0,17393.0,6815.0,12676.0,
15045.0,13537.0,17854.0,19040.0,7935.0,13643.0,17020.0,19732.0,7965.0,9698.0,14849.0,13117.0,18067.0,14158.0,11285.0,13203.0,16263.0,18435.0,
14902.0,8387.0,13885.0,11342.0,15544.0,11783.0,11801.0,11819.0,10920.0,6735.0,16031.0,7428.0,7369.0,17384.0,9911.0,15629.0,15399.0,13539.0,8945.0,7882.0,15773.0,17622.0,19471.0,8726.0,19748.0,19858.0,6906.0,7581.0,14068.0,10348.0,
16596.0,7518.0,16944.0,17808.0,15673.0,11783.0,9787.0,18794.0,12719.5,10391.0,13445.0,18095.0,10348.0,7040.0,11479.0,10221.0,15327.0,7629.0,16555.0,11493.0,18757.0,14689.0,7302.0,9063.0,10271.0,15073.0,9058.0,13002.0,14714.0,9775.0,
19322.0,14611.0,18087.0,8370.0,9676.0,7828.0,14315.0,13991.0,13803.0,16175.0,18918.0,13382.0,12205.0,11028.0,17036.0,7318.0,12232.0,17146.0,18702.0,6765.0,7897.0,12708.0,17757.0,10168.0,19728.0,12027.0,14353.0,6866.0,17441.0,19503.0,14925.0,15746.0,17971.0,14917.0,9124.0,10448.0,7992.0,13447.0,12196.0,8536.0,13504.0,9342.0,14171.0,8743.0,14047.0,14343.0,16194.0,11902.0,19457.0,16349.0,
8353.0,12392.0,7395.0,16525.0,8951.0,16868.0,11869.0,8976.0,14119.0,17540.0,12698.0,14016.0,17620.0,17120.0,10801.0,9866.0,11868.0,15775.0,19171.0,8878.0,10339.0,18453.0,8587.0,15013.0,12359.0,18500.0,7481.0,14256.0,12218.0,10180.0,8979.0,18500.0,15202.0,11775.0,10743.0,19361.0,9555.0,9859.0,19283.0,
11505.0,10413.0,12394.0,16556.0,9912.0,17388.0,15091.0,13686.0,14897.0,19605.0,6824.0,7855.0,18114.0,17981.0,10124.0,11464.0,10783.0,11087.0,8829.0,9232.0,8286.0,13981.0,13605.0,19148.0,9893.0,
9163.0,13318.0,16392.0,17116.0,19919.0,17804.0,17042.0,10424.0,12027.0,12228.0,7560.0,14619.0,12723.0,16556.0,11163.0,19636.0,11145.0,12300.0,7644.0,14405.0,10632.0,13350.5,19993.0,10528.0,14480.0,10119.0,18954.0,12537.0,12903.0,11881.0,10967.0,13729.0,8887.0,17156.0,8158.0,7415.0,15766.0,16040.0,9167.0,10870.0,17699.0,13020.0,14009.0,12987.0,14503.0,9785.0,19174.0,
15811.0,13379.0,7600.0,15645.0,10509.0,10145.0,17091.0,10215.5,6732.0,7442.0,9729.5,12017.0,15842.0,10937.0,15910.0,19076.0,8994.0,11562.0,15825.0,18734.0,7568.0,9177.0,19400.0,19023.0,14384.0,10248.0,15756.0,19675.0,9840.0,13169.0,10330.0,9188.0,13101.0,11390.0,17189.0,12235.0,8877.0,9126.0,11245.0,13919.0,19650.0,
14407.0,13506.0,10581.0,7753.0,11202.0,16412.0,17718.0,13406.0,14664.0,8484.0,15966.0,7209.0,7157.0,9335.0,19405.0,7836.0,14558.0,18502.0,11614.0,10988.0,16320.0,12978.0,10755.0,8532.0,12783.0,14044.5,15306.0,7898.0,11287.0,11068.0,13978.0,8928.0,8962.0,9896.0,15335.0,8041.0,17057.0,11501.0,17436.0,12426.0,19816.0,12391.0,13947.0,10007.0,7637.0,15644.0,
6983.0,14680.0,15020.0,19795.0,17701.0,18504.0,15580.0,9573.0,9905.0,11257.0,12664.0,12047.0,11794.0,11021.0,15984.0,19986.0,6788.0,8519.0,13289.0,9987.0,11162.0,17189.0,6899.0,9667.0,8734.0,7801.0,7320.0,9508.0,18312.0,13502.0,8692.0,15924.0,11919.0,6729.0,15531.0,11032.0,10284.0,10034.0,9748.0,15732.0,14703.0,14458.0,19054.0,13626.0,6812.0,10337.0,18640.0,12868.0,19565.0,
19871.0,13613.0,16711.0,13397.0,9711.0,8149.0,19168.0,9782.0,17626.0,16015.0,11570.0,11021.0,9794.0,10012.0,18293.0,9805.0,
13948.0,13533.0,10356.0,19270.0,19166.0,12493.0,19967.0,10651.0,11554.0,17057.0,14462.0,9236.5,15966.0,15744.0,18210.0,16296.0,15428.0,13843.0,16905.0,8855.0,6961.0,19207.0,18887.0,7823.0,17395.0,9466.0,16043.0,16835.0,14572.0,8890.0,6739.0,9182.0,8914.0,16253.0,12931.0,11349.0,9767.0,12190.5,14614.0,8657.0,11048.0,17633.0,15297.0,
19529.0,13016.0,19486.0,15349.0,11371.0,14327.0,8533.0,17546.0,8059.0,6900.0,17695.0,12563.0,14503.0,15330.0,17526.5,19723.0,14372.0,14624.0,14876.0,14036.0,16589.0,10096.0,9763.0,
14394.0,12817.0,17452.0,14753.0,9244.0,12105.0,19794.0,19302.0,15851.0,18430.0,11861.0,15712.0,19185.0,15592.0,
15064.0,7534.0,18084.0,7782.0,7663.0,14057.0,10944.0,19945.0,10335.0,9555.0,13532.0,18836.0,16154.5,13473.0,8885.0,14217.0,19549.0,19023.5,18498.0,19626.0,8011.0,8297.0,12134.0,14656.5,17179.0,15043.0,16306.0,14044.0,11899.0,13868.0,6981.0,17696.0,8956.5,11664.0,14412.0,12999.0,19826.0,8615.0,16301.0,10902.0,16407.0,15315.0,13170.0,10172.0,12567.0,16139.0,14327.0,11337.0,16480.0,9607.0,13762.0,8224.0,12099.0,
11469.0,16791.0,17049.0,12474.0,13346.0,15079.0,17945.0,19307.0,14317.0,13656.0,9861.0,11399.0,16463.0,10971.5,15776.0,11485.0,9244.0,12222.0,11555.0,16332.0,17349.0,9068.0,
19224.0,7322.0,16931.0,18352.0,17716.0,6895.0,10105.0,15659.0,7194.0,13560.0,7254.0,11641.0,9881.0,19714.0,11394.0,6909.0,7055.0,16432.0,9384.0,7007.0,17664.0,16235.0,13827.0,13438.0,13049.0,13461.0,13873.0,10354.0,18080.0,14415.0,8241.0,14253.0,16989.5,19726.0,13993.0,9027.0,8638.0,12354.0,11302.0,13465.0,9654.5,16322.0,14293.0,19763.0,16061.0,7094.0,9612.0,
10176.0,16353.0,16660.0,17196.0,8412.0,11113.0,19260.0,10007.0,8263.0,15772.0,19599.0,12013.0,7330.0,11125.0,6863.0,19064.0,11354.0,11601.0,8952.0,15046.0,9274.0,13609.0,13347.0,6848.0,10544.0,12003.0,8750.0,15247.0,7641.0,9530.0,15296.0,7289.0,18708.0,13890.0,7118.0,11813.0,17601.0,
12648.0,8089.0,11854.0,9703.0,13078.0,13988.0,8666.0,10437.0,8077.0,11013.0,14087.0,16968.0,11445.0,15579.0,18324.0,16085.0,15235.0,17999.0,18194.0,18389.0,19049.0,18605.0,14579.0,
15096.0,17296.0,19071.0,15905.0,18789.0,8791.0,17212.0,14532.0,7393.0,6731.0,10644.0,14023.0,19907.0,12778.0,11292.0,19432.0,9632.0,18161.0,19049.0,19937.0,16912.0,6974.0,15388.0,18611.0,8680.0,13660.0,17860.0,9720.0,18551.0,17307.0,14681.0,17447.0,19196.0,
19564.0,8456.0,10707.0,6794.0,11618.0,18039.0,11511.0,13225.0,11615.0,19791.0,11933.0,18705.0,9618.0,17103.0,11701.0,13517.0,
9615.0,7543.0,18723.0,18328.0,6922.0,13028.0,13989.0,7143.0,12614.0,16661.0,6783.0,9944.0,13987.0,8669.0,7527.0,6926.0,12916.0,6777.0,14017.0,15262.0,16416.0,
12821.0,6949.0,7739.0,10552.0,12155.0,14046.0,19068.0,19096.0,12624.0,12650.0,12588.0,14350.0,7319.0,19486.0,7869.0,17843.0,16795.0,11115.0,11669.0,11227.0,10785.0,18939.0,7228.0,9447.0,9556.0,11667.0,8154.0,7958.0,16703.0,8216.0,9499.0,18404.0,9704.0,18999.0,
19967.0,17948.0,12055.0,16591.0,12655.0,12376.0,11177.0,17904.0,6770.0,13390.0,19209.0,7214.0,12114.0,7065.0,14917.0,10344.0,16977.0,16165.0,11624.0,18400.0,
11879.0,12301.0,9538.0,12384.0,16039.0,8150.0,16924.0,10599.0,7514.0,14407.0,16277.0,13601.0,15109.0,12829.0,15766.0,18536.0,18286.0,18036.0,12366.0,10769.0,16357.0,19814.0,11752.0,7402.0,17994.0,19102.0,18636.0,17564.5,16493.0,6976.0,10680.0,11986.0,10080.0,19355.0,12652.0,10977.0,14045.0,7461.0,10717.0,13973.0,15026.0,18690.0,19414.0,12162.0,9812.0,
7033.0,16512.0,18808.0,17634.0,14724.0,16331.0,7453.0,7653.0,9132.0,16830.0,19846.0,10759.0,8557.0,11679.0,11482.0,8730.5,19235.0,9507.0,17372.0,9662.0,14965.0,13845.0,7409.0,
15285.0,10821.0,8278.0,12681.0,7982.0,19009.0,10608.0,18061.0,9392.0,9579.0,7439.0,7620.0,18215.0,7906.0,9471.0,11036.0,14120.0,14534.0,11463.0,8715.0,11557.0,18700.0,18525.0,8492.0,12387.0,7891.5,8617.0,6820.0,11612.0,19996.0,6742.0,18508.0,12028.0,9267.0,11991.0,18466.0,
12887.0,7253.0,19085.0,13280.0,13536.0,7949.0,11888.0,12338.0,12788.0,10804.0,9500.0,8196.0,9719.0,10532.5,17235.0,8569.0,8754.5,16508.0,16701.0,17792.0,13535.0,12028.0,18363.0,12137.0,17036.0,12966.0,15754.0,19174.0,12487.0,10456.0,17458.0,14264.0,
19651.0,16832.0,15628.0,14661.0,17971.0,11338.0,16597.0,10853.0,12262.0,19607.0,7556.0,14517.0,7217.0,11573.0,10957.0,12253.0,9759.5,7266.0,19088.0,9823.0,12590.0,10369.0,17976.0,12365.5,6755.0,7661.0,17353.0,8388.0,7932.0,10390.5,12849.0,12792.0,14870.0,19303.0,15037.0,9126.0,8757.0,11488.0,7632.0,11412.0,13007.0,18659.0,9517.0,10035.0,10685.0,9044.0,16598.0,13475.0,10968.0,17413.0,7140.0,
11211.0,7471.0,8078.0,9500.0,9850.0,16579.0,13199.0,7334.0,11731.0,9770.0,17235.0,8293.0,14026.0,11170.0,14103.0,18591.0,8019.0,8125.0,10726.0,13327.0,16277.0,7825.0,15397.0,11537.0,7020.0,18707.0,12053.0,16654.0,19201.0,11007.0,8203.0,7407.0,14257.0,12606.0,18328.0,14292.0,9595.0,19468.0,16162.0,9209.0,
19622.0,9628.0,17596.0,10212.0,14278.0,16837.0,6864.0,10675.0,10392.0,16181.0,15119.0,8732.0,9965.0,19963.0,8184.0,7624.0,18266.0,8211.0,17397.0,17532.0,
13819.0,15699.0,18425.0,9030.0,14576.0,17444.0,11051.0,7072.0,13425.0,11113.0,18679.0,6829.0,11975.0,7710.0,16540.0,13900.0,12126.0,8568.0,10422.0,12276.0,9653.0,12481.0,19228.0,19143.0,11152.0,10193.0,10459.5,18900.0,9588.5,16542.0,16500.0,9394.0,17236.0,17103.0,15796.0,13876.0,18755.0,15611.0,18140.0,9827.0,16465.0,18985.0,15071.0,13638.0,18837.0,
9131.0,11216.0,10888.0,19902.0,16270.0,10559.0,10636.0,14844.0,8595.0,18487.0,11566.0,14506.0,12199.0,15328.0,13113.0,19211.0,12974.0,10066.5,7159.0,10069.0,9956.0,13390.0,10006.0,6750.0,14069.0,6837.0,13486.0,16086.0,17197.0,17982.5,18768.0,14846.0,8642.0,15532.0,19837.0,15442.0,8612.0,
11704.0,15752.0,8235.0,7459.0,14396.0,12557.0,6799.0,12776.0,8586.0,16198.0,16928.0,6826.0,7038.0,9115.0,8452.0,12690.0,12018.0,16429.0,19682.0,14095.5,8509.0,8331.0,11203.0,9142.0,12735.0,14405.0,15617.0,12199.0,10059.0,13471.0,16883.0,19093.0,9768.5,13184.0,6987.0,12288.0,11705.0,17079.0,9754.0,18241.0,15089.0,10895.0,14890.0,10260.0,16165.0,10738.0,7693.0,17459.0,
15796.0,17796.0,16873.0,12290.0,18577.0,17316.0,12173.0,10742.5,9312.0,16073.0,9291.0,15590.0,7035.0,19440.0,11636.0,13692.0,14121.0,16373.0,10734.0,15980.0,12374.0,14573.5,16773.0,15305.0,19701.0,19895.0,10683.0,19957.0,7948.0,16472.0,8604.0,7471.0,8317.0,14160.0,15456.0,12349.0,12178.0,10461.0,13899.0,11001.0,17722.0,16665.0,
16611.0,15062.0,7235.0,18357.0,8242.0,16631.0,9923.0,8823.0,15738.0,15875.0,9218.0,7361.0,8031.5,8702.0,7758.0,9573.0,9510.0,11160.0,12797.0,17491.0,16252.0,18140.0,19863.0,7820.0,15622.0,8255.0,6992.0,12238.0,
15042.0,10520.0,8591.0,14438.0,17201.0,14881.0,8142.0,9465.0,7679.0,14160.0,14833.0,16152.0,11964.0,13009.0,14893.0,7273.0,13110.0,19140.0,
15922.0,16193.0,11731.0,8771.0,8890.0,7537.0,12977.0,9776.0,10973.0,15752.0,8187.0,8602.0,18593.0,11285.0,15486.0,14557.0,11714.0,12362.0,9074.0,
8581.0,7481.0,15040.0,7061.0,13149.0,6750.0,13581.0,15885.0,11364.0,9629.5,18431.0,8936.0,11395.5,17612.0,10673.0,14688.0,9684.0,9778.0,9332.0,17434.0,17990.0,15490.0,13775.0,19245.0,10118.0,10636.0,16292.0,8540.0,10089.0,8484.0,9063.0,8695.0,19001.0,16948.0,14895.0,16892.0,7224.0,11385.0,17234.0,8656.0,8927.0,
12435.0,16465.0,16293.0,7337.0,18807.0,11473.0,8789.0,9126.0,16594.0,18464.0,7604.0,19585.0,18045.0,15326.0,11243.0,13878.0,16193.0,12855.5,9518.0,12213.0,10812.0,19368.0,7721.0,13460.0,9403.0,8750.0,19655.0,10724.5,8374.5,14955.0,15160.0,12279.5,9399.0,8604.0,15159.0,18708.0,8554.0,18852.0,15234.0,17192.0,16816.0,15823.0,7699.0,19323.0,10127.0,13648.0,
10658.0,8832.0,11961.0,8309.0,8396.0,11022.0,16804.0,10192.0,12566.0,14940.0,14143.0,7252.0,16056.0,7222.0,8293.0,19360.0,6950.0,
19466.0,9464.0,18072.0,10222.0,9198.0,15342.0,9131.0,13388.0,18539.0,10630.0,15940.0,16000.0,16060.0,14044.0,12164.0,7174.0,10445.0,13716.0,13424.0,19364.0,9152.0,13088.0,11873.0,7451.0,19447.0,6980.0,16729.0,16952.5,17176.0,18298.0,17800.0,19813.0,18871.0,16487.0,18551.0,
9563.0,13037.0,18285.0,19184.0,15592.0,17173.0,7738.0,10102.0,16480.0,14049.0,14671.0,12946.0,16743.0,14585.0,14489.0,15302.0,12492.0,13901.0,19877.0,13597.0,8848.0,7678.0,10022.0,19132.0,18955.0,19924.0,16391.0,12584.0,14470.0,19002.0,8784.0,14839.0,19907.0,18084.0,8109.0,16378.0,17926.0,8423.0,15252.0,12198.0,13001.0,15706.0,8228.0,9313.0,17418.0,6906.0,17747.0,18781.0,16497.0,10023.0,
9529.0,16050.0,17048.0,8658.0,8785.0,16752.0,18405.0,18824.0,12112.0,7390.0,14147.0,7976.0,8427.0,17990.0,8284.0,9544.0,18555.0,16318.0,8525.0,7183.0,15080.0,8103.0,13517.0,17555.0,8870.0,16335.0,19541.0,19521.0,10354.0,13681.0,
16650.0,18094.0,16022.0,12464.0,19618.0,11943.0,15756.0,11478.0,13206.0,17395.0,11325.0,12806.0,10452.0,11274.0,9510.0,15706.0,15317.0,19154.0,18624.0,15679.0,12734.0,11566.0,18091.0,10988.0,10905.0,16341.0,12935.0,7658.0,17295.0,16697.0,13884.0,8114.0,8133.0,7160.5,12426.0,7011.0,10142.0,16379.0,13215.0,7369.0,12015.0,
18923.0,11466.0,8732.0,8264.0,12521.0,11933.0,11601.0,17519.0,13316.0,19889.0,18506.0,14586.0,14429.0,19647.0,12149.0,9378.0,7567.0,13910.0,
12036.0,13805.0,11984.0,9975.0,16166.0,10669.0,16413.0,13163.0,18479.0,13627.0,15674.0,7342.0,8628.0,17275.0,19442.0,8479.0,17292.0,12930.0,8900.0,10131.0,7752.0,8529.0,15258.0,10400.0,10711.0,8909.0,18553.0,15361.5,12170.0,8222.0,16664.0,18123.0,18781.0,7361.0,17287.0,19864.0,15678.0,16800.0,8998.0,18098.0,10579.0,13700.0,
15344.0,17914.0,12407.0,9691.0,14763.0,11112.0,19566.0,14922.0,17929.0,17814.0,12495.0,11216.0,13495.0,14179.0,18351.0,9655.0,13274.0,7969.0,8478.0,14994.0,8859.0,11001.0,15956.0,8324.0,13881.0,18395.0,16295.0,7275.5,10267.0,15737.0,13232.0,10754.0,11474.0,10290.0,19846.0,17773.0,16314.0,10718.0,19383.0,12831.0,10810.0,13253.0,
7797.0,11959.0,11231.0,12162.0,13601.0,16635.0,17039.0,8490.0,16700.0,10387.5,16975.0,7726.0,9017.0,11234.0,14433.0,12151.0,19424.0,6764.0,11695.0,17750.0,9107.0,7091.0,8769.0,12555.0,12426.0,19385.0,11857.0,11510.0,19715.0,18679.0,7666.0,10081.5,14928.0,18364.0,14648.0,10002.0,10427.5,10853.0,18366.0,15422.5,12479.0,9284.0,18769.0,13036.0,
14110.0,18721.0,15510.0,9267.0,16941.0,17202.0,16022.0,16099.0,9011.0,7108.0,11290.0,15313.5,19337.0,17817.0,17108.0,16090.0,9591.0,16402.0,16259.0,13819.0,
14493.0,13631.0,7342.0,18724.0,19008.0,19841.0,11533.0,17992.0,17083.0,16466.0,8269.0,10133.0,11321.0,15215.0,19109.0,16281.0,19296.0,16140.0,14709.0,11860.0,9011.0,13726.0,15104.0,9844.0,17425.0,18538.0,
10869.0,16300.0,15607.0,17223.0,15544.0,16636.0,14053.0,19706.0,18668.0,13849.0,13309.0,16030.0,16091.0,17894.0,16168.0,10560.0,14240.0,16861.0,9839.0,14511.0,15266.0,9917.0,13369.0,13947.0,19781.0,17809.0,9594.0,15241.0,18220.0,18713.0,
9875.0,12353.0,10808.0,16339.0,17162.0,16614.0,9926.0,18236.0,14140.0,8903.0,8056.0,16564.0,13003.0,7663.0,12137.0,13533.0,7266.0,9384.0,18059.0,14871.0,15859.0,7582.0,16297.0,
15463.0,15404.0,19283.0,15775.0,9536.0,13518.0,17656.0,14368.0,14880.0,16928.0,9921.0,16435.0,17478.0,11131.0,18920.0,12594.0,
13347.0,10590.0,16203.0,8313.0,8851.0,9813.0,8969.0,15787.0,11608.0,17136.0,15055.0,18821.0,7450.0,16621.0,16244.0,13924.0,12790.5,11657.0,6948.0,13096.0,13023.0,17722.0,13185.0,7492.0,12241.0,6940.0,11096.0,15674.0,14238.0,13289.0,16688.0,12777.0,19054.0,18353.0,12669.0,
18664.0,15011.0,13376.0,14553.0,8659.0,15369.0,17630.0,16467.0,8550.0,10991.0,7432.0,8689.0,13505.0,14371.0,17798.0,8614.0,9376.0,8649.0,15616.0,10631.0,8206.0,10778.0,19822.0,17075.0,15368.0,11685.0,15712.0,9719.0,9025.0,12255.0,7777.5,19583.0,9009.0,11567.0,9748.0,17021.0,7658.0,19944.0,9400.0,9386.0,8254.0,17946.0,17184.0,19320.0,18262.0,12794.0,12013.0,13029.0,14878.0,
12919.0,18874.0,12366.0,16957.0,18887.0,10479.0,12911.0,11307.0,19141.0,12111.0,9096.0,7184.0,7203.5,7752.0,10997.0,14707.0,10455.0,8545.0,19787.0,17856.0,12603.0,9333.0,17349.0,7593.0,17939.0,15825.0,14148.0,7835.0,14260.0,
19724.0,17195.0,17729.0,16692.0,7853.0,11592.0,17210.0,16797.0,10937.0,18479.0,9527.0,9914.0,10368.0,14380.0,14070.5,13761.0,9510.0,8952.0,19736.0,18773.0,10519.0,17718.0,7813.0,10897.0,13849.0,9225.0,18373.0,17744.0,17115.0,7710.0,12282.0,
17151.0,9773.0,11837.0,15098.0,16903.0,15277.0,16162.0,17195.0,13306.0,10142.0,8750.0,18444.0,13101.0,18963.0,8988.0,10089.5,11191.0,9810.0,8138.0,13918.0,18596.0,19848.0,15765.0,9619.0,18758.0,15315.0,7810.0,11140.0,17418.0,19049.0,14269.0,12112.0,18030.0,16861.5,15693.0,16107.0,13211.0,12835.0,16356.0,16269.0,12686.0,19731.0,13438.0,15196.0,12399.0,10923.0,
19573.0,12249.0,19734.0,9111.0,13960.0,16636.0,7845.0,9442.0,7579.0,7492.0,16849.0,16181.0,15818.0,17729.0,
6726.0,7949.0,11052.0,13109.0,12573.0,14764.0,7032.0,14845.0,9243.0,16025.0,16647.0,17269.0,15955.0,7505.0,7834.0,13161.0,16699.0,13201.0,15094.0,16096.0,17098.0,11603.0,16341.0,7569.0,15615.0,14269.0,10624.0,14027.0,14149.5,14272.0,16379.5,18487.0,13356.0,16169.0,12507.0,17526.0,14678.0,15893.0,10637.0,18157.0,13979.0,7186.0,8873.0,17876.0,17892.0,14796.0,17247.0,
15344.0,13937.0,9756.0,17027.0,16742.0,11007.0,9248.0,12915.0,7146.0,19933.0,11394.0,16449.0,7029.0,15183.0,15563.0,14718.0,9321.0,9945.0,10406.0,9256.0,16667.0,11996.0,16162.0,15560.0,14643.0,11022.0,10739.0,9507.5,15326.0,11289.0,8281.0,16937.0,7046.0,10085.0,
19155.0,16729.0,17018.0,14265.0,16118.0,8360.0,16412.0,15901.0,19442.0,13780.5,8119.0,10304.0,19163.0,16787.0,16513.0,13868.0,14757.0,15722.0,16687.0,8114.0,12209.0,19435.0,18960.0,18485.0,15478.0,18117.0,10555.0,8963.0,7219.0,7602.0,8013.0,10160.0,8409.0,12883.0,18636.0,8052.0,17922.0,12388.0,10332.0,17866.0,14644.0,10195.0,11826.0,19198.0,10417.0,
7722.0,18174.0,18757.0,10191.0,8916.0,9359.0,16147.0,19991.0,16117.0,15428.0,14345.0,9238.0,16146.0,16209.0,18323.0,17015.0,11264.0,17555.0,8860.0,17738.0,17691.0,17139.0,11985.0,17085.0,7581.0,18154.0,7713.0,10087.0,9794.0,9333.5,17256.0,15952.0,15883.0,14536.0,
8982.0,11052.0,17586.0,15963.0,8529.0,18911.0,14719.0,14682.0,8786.0,18245.0,9425.0,19700.0,17054.0,14408.0,14394.0,17993.0,10443.0,15377.0,13029.0,19476.0,10547.0,7351.0,17978.0,12159.0,18824.0,18090.0,18726.0,13277.0,9363.0,12874.0,19489.0,17452.0,17894.0,18336.0,10062.0,11784.5,13507.0,10624.0,10961.0,14462.0,9044.0,15888.0,13978.0,14281.0,
19669.0,10468.0,9597.0,18397.0,12761.0,19634.0,10915.0,11705.0,18777.0,16944.0,15111.0,8481.0,13535.0,15626.0,8726.0,9711.0,10758.0,8894.0,
11826.0,17047.0,12751.0,12538.0,12516.0,18842.0,18133.0,7087.0,14058.0,14703.0,15348.0,10542.0,7022.0,9967.0,13386.0,15145.0,14406.0,13569.0,8312.0,9993.0,7761.0,15849.0,8922.0,13922.0,
11018.0,13974.0,15733.0,12066.0,13378.0,16946.0,11446.0,16201.0,9632.0,17904.0,18068.0,10305.0,15472.0,9225.0,17412.0,7093.0,10545.0,8162.0,7772.0,18800.0,10851.5,15556.0,9294.5,13724.0,15602.0,12766.0,19645.0,7635.0,13515.0,14437.5,15360.0,8265.0,13868.0,7540.0,11450.0,
15369.0,19689.0,12196.0,14443.0,7435.0,8432.0,6899.0,10028.0,12430.0,9030.0,13433.0,15493.5,17554.0,19506.0,17488.0,8199.0,9449.0,18662.0,13926.0,12689.0,17556.0,7386.0,11604.0,14446.0,
7237.0,19719.0,17748.0,6943.0,17946.0,8587.0,14101.0,12537.0,15283.0,10068.0,10887.0,11706.0,18737.0,9091.0,7558.0,8606.0,15294.0,12774.0,12641.0,13589.0,
10593.0,13635.0,9610.0,19732.0,14146.0,17621.0,12964.0,13359.0,8395.0,11381.0,18478.0,17195.0,19049.0,18432.0,
11520.0,8475.0,10404.0,14087.0,14709.0,18625.0,14307.0,13330.0,8678.0,7890.0,8928.0,12914.0,8728.0,8977.0,13835.0,17868.0,14542.0,11852.0,10528.0,18627.0,10096.0,12779.0,7002.0,11089.5,15177.0,18307.0,14293.0,17780.0,10042.0,13680.0,
12732.0,16255.0,13906.0,8326.0,15717.0,15640.0,7880.0,10489.0,13569.0,6814.0,12670.0,8561.0,19117.0,12050.0,9777.0,13625.0,18366.0,10765.0,13608.0,8472.0,12144.0,13968.0,17468.0,14783.0,10212.0,19243.0,14855.0,19192.0,19305.0,9826.0,8125.0,6888.0,8759.0,19040.0,10754.0,19583.0,
12616.0,19165.0,11005.0,12090.0,18576.0,14211.0,14201.0,17178.0,10903.0,16067.0,14219.0,12333.0,13950.0,7738.0,15030.0,11847.0,15291.0,12843.0,12429.0,9813.5,16410.0,13204.0,19078.0,7380.0,13050.0,14612.0,16396.0,8458.0,11915.0,10010.0,12864.0,
16009.0,8467.0,9439.0,11155.0,13941.0,14162.0,15553.0,16997.0,14100.0,14180.0,14260.0,18327.0,15493.0,9079.0,13376.0,10838.0,17359.0,19470.0,15435.0,10189.0,14893.0,7881.0,16471.0,16244.0,16552.0,9091.0,8474.0,14946.0,13601.0,12108.0,14012.0,8913.0,17499.0,9228.0,12264.0,19217.0,8427.0,12358.0,11114.0,17789.0,9488.0,12818.0,13867.0,13393.0,7781.0,
8996.0,9909.0,16022.0,8686.0,8479.0,6755.0,15013.0,18707.0,19441.0,11727.0,16953.0,15976.0,13392.0,7856.0,15312.0,8594.0,17589.0,11559.0,7262.0,16355.0,14142.0,9684.0,17683.0,14224.0,18384.0,15577.0,8129.0,11060.0,15182.0,13223.0,13027.0,10866.0,18388.0,15238.0,7112.0,15873.0,9981.0,18240.0,8528.0,7257.0,9475.0,12462.0,8208.0,8015.0,17067.0,
7373.0,10996.0,13670.0,6773.0,7954.0,12853.0,12228.0,13279.0,15212.0,11121.0,9665.0,11336.0,9158.0,18805.0,15051.0,12054.0,17666.0,8879.0,18544.0,11069.5,19947.0,9072.0,8694.5,8317.0,10039.0,11197.0,12355.0,17672.0,14798.0,15200.0,16597.0,9514.0,13486.0,18744.0,10467.0,8607.0,17852.0,16573.0,15294.0,9011.0,17015.0,8905.0,10399.0,15935.0,12434.0,7507.0,10189.0,8890.0,15804.0,8504.0,8589.0,17880.0,10115.0,
13905.0,18678.0,16681.0,7917.0,10629.0,17549.0,19463.0,19943.0,9352.0,15241.0,10987.0,15003.0,14873.0,7632.0,17978.0,13203.0,8279.0,11999.0,15297.0,14204.0,13111.0,10973.0,8603.0,10860.0,12432.0,9076.0,14742.0,14683.0,6822.0,10115.0,14162.0,19262.0,9283.0,
15415.0,17516.0,17667.0,17675.0,8403.0,10928.0,15801.0,10031.0,9995.5,9960.0,9150.0,14249.0,10757.0,7640.5,14706.0,10073.0,10506.0,13873.0,13190.0,13482.0,7985.0,7146.0,14709.0,12283.0,11407.0,8397.0,11559.0,17748.0,19642.0,
17257.0,13423.0,13864.0,8951.0,10265.0,14516.0,18307.0,15377.0,8075.0,16767.0,10193.0,10677.0,15571.0,19845.0,10265.0,12697.0,11583.0,14758.0,16844.0,18930.0,9321.0,14355.0,11258.0,11868.5,12479.0,9691.0,7930.0,15499.0,11117.0,11948.0,15309.0,9052.0,12529.5,16007.0,12256.0,14286.0,18895.0,15854.0,10583.0,14020.0,9958.0,17770.0,8362.0,8553.0,17773.0,
