-4257753638
-4264225778
4810411264
3402322531
-8131955018
-8021635526
7139422857
-2662908832
3895159893
9893446583
-5683977853
-5734944909
-8086214427
1130615166
884076799
-4263706792
1887118651
6909067552
5547328191
-7824994696
-11578773496
-4286887217
-2970823834
10340796990
4451698817
6708663065
14870289057
1852841766
25510557653
-14019931071
1885664884
-2920879212
5472041721
665889324
-2355753158
8218446868
-2446537065
-5971968241
-7682217510
-9640535057
-206415276
-1597680064
-4108055269
7361055017
5112120141
15912774454
-4238520493
15316309550
5391052846
-5101504337
2055365384
-4187358824
-23502771116
3683803043
-3045000134
10240759252
-6276876133
2776259193
4290581568
19570500649
12557766881
-9568051409
7891176303
11088277652
3124029118
3379302381
6042533418
-3140947095
-10490863130
-556403949
-5904428246
7742302869
-12314870667
-4320753623
19724196289
-19851489569
4277730459
4750119980
3766427660
561107326
10004094209
-2357043964
2901700666
-1970720138
1521173943
5581918806
7230255852
3651640620
3496518575
-3725889321
-11051647707
-6147270123
-2419362398
-8823749457
